0.2 0.22 0.244 0.2728 0.30736 0.348832 0.3985984 0.45831808 0.529981696 0.6159780352
0.22 0.24 0.264 0.2928 0.32736 0.368832 0.4185984 0.47831808 0.549981696 0.6359780352
0.244 0.264 0.288 0.3168 0.35136 0.392832 0.4425984 0.50231808 0.573981696 0.6599780352
0.2728 0.2928 0.3168 0.3456 0.38016 0.421632 0.4713984 0.53111808 0.602781696 0.6887780352
0.30736 0.32736 0.35136 0.38016 0.41472 0.456192 0.5059584 0.56567808 0.637341696 0.7233380352
0.348832 0.368832 0.392832 0.421632 0.456192 0.497664 0.5474304 0.60715008 0.678813696 0.7648100352
0.3985984 0.4185984 0.4425984 0.4713984 0.5059584 0.5474304 0.5971968 0.65691648 0.728580096 0.8145764352
0.45831808 0.47831808 0.50231808 0.53111808 0.56567808 0.60715008 0.65691648 0.71663616 0.788299776 0.8742961152
0.529981696 0.549981696 0.573981696 0.602781696 0.637341696 0.678813696 0.728580096 0.788299776 0.859963392 0.9459597312
0.6159780352 0.6359780352 0.6599780352 0.6887780352 0.7233380352 0.7648100352 0.8145764352 0.8742961152 0.9459597312 1.0319560704
